1252 2346 6691
4189 7380 9199
2245 7893 7081
1519 7472 6798
2593 2098 1742
4678 9064 3897
8077 3006 7447
3858 2719 5405
5656 1167 7129
444 602 7355
8807 4907 4762
4263 1564 2792
938 5968 4238
4910 8001 2488
9188 219 8584
6334 8428 2782
6907 7765 5707
7588 1252 1024
7465 4401 930
1722 4241 1244
2015 5085 6771
8191 9641 5804
7835 7701 7144
2891 1705 9919
4002 7100 7957
60 5164 4251
5350 306 4103
5093 4515 458
739 1221 5251
28 3227 7016
5385 9391 9524
9554 3358 9186
656 2017 5954
5216 2630 1254
5932 795 8069
6830 1707 9657
1812 7159 2679
388 6939 8131
9342 7635 9036
1006 6855 6281
6794 9305 4434
2246 6542 8929
610 7587 6739
1783 6154 8200
6038 829 2338
9540 5116 3676
2048 9546 8169
2557 5262 8200
4680 878 8385
8 5878 369
9047 9120 3181
8350 4086 6736
7803 1581 8669
7022 1736 1768
8734 814 336
7891 7319 6082
5861 2241 7677
327 9488 284
2586 2868 6565
9282 9736 4323
6170 6999 7687
6517 1372 9739
5516 8471 1058
8474 1988 3221
7660 2879 6837
5758 7632 5733
7596 4577 3208
4309 288 8022
4564 1153 1255
1894 1318 3947
413 6666 1051
3052 3319 1010
406 5724 537
3352 1261 8059
8060 4693 441
9221 1739 4002
6488 7692 2061
2205 1118 5930
2979 1936 6180
8100 9954 8087
9142 5341 7895
8453 1458 4418
9268 4745 4512
8545 6261 1682
7258 3667 8635
5898 8182 9548
629 7029 1732
2655 6121 468
5990 6994 1162
5025 4045 9826
6927 8980 6225
1497 4153 4912
4192 2492 2234
7033 729 6265
2250 4779 978
3401 3440 2924
1908 1221 6893
1562 6778 3086
8543 8994 537
3315 5968 6747
